-20.300 428.000
-20.300 436.000
-20.300 444.000
-20.300 452.000
-20.300 460.000
-20.259 460.807
-20.298 461.205
-20.336 461.603
-20.374 462.002
-20.408 462.400
-20.441 462.799
-20.472 463.197
-20.502 463.596
-20.531 463.994
-20.557 464.393
-20.581 464.792
-20.604 465.191
-20.625 465.589
-20.646 465.988
-20.664 466.387
-20.680 466.785
-20.694 467.184
-20.707 467.583
-20.720 467.981
-20.729 468.380
-20.737 468.779
-20.743 469.177
-20.748 469.576
-20.752 469.974
-20.753 470.372
-20.753 470.770
-20.751 471.169
-20.748 471.567
-20.743 471.965
-20.736 472.362
-20.728 472.760
-20.718 473.158
-20.706 473.555
-20.694 473.953
-20.679 474.350
-20.662 474.747
-20.644 475.144
-20.624 475.540
-20.603 475.937
-20.580 476.333
-20.555 476.729
-20.529 477.125
-20.500 477.521
-20.472 477.917
-20.440 478.312
-20.408 478.707
-20.373 479.102
-20.337 479.497
-20.300 479.892
-20.261 480.286
-20.220 480.680
-20.177 481.073
-20.133 481.467
-20.088 481.860
-20.040 482.253
-19.991 482.645
-19.941 483.038
-19.888 483.430
-19.836 483.821
-19.780 484.213
-19.723 484.604
-19.664 484.994
-19.604 485.385
-19.543 485.775
-19.480 486.164
-19.415 486.554
-19.348 486.943
-19.280 487.331
-19.211 487.719
-19.140 488.107
-19.067 488.495
-18.992 488.882
-18.916 489.268
-18.839 489.654
-18.760 490.040
-18.679 490.425
-18.597 490.810
-18.513 491.195
-18.428 491.579
-18.341 491.962
-18.252 492.345
-18.162 492.728
-18.070 493.110
-17.977 493.492
-17.882 493.873
-17.786 494.254
-17.687 494.634
-17.588 495.013
-17.487 495.393
-17.385 495.771
-17.280 496.149
-17.174 496.527
-17.067 496.904
-16.958 497.280
-16.848 497.656
-16.736 498.031
-16.622 498.406
-16.507 498.780
-16.391 499.154
-16.272 499.526
-16.152 499.899
-16.031 500.271
-15.909 500.642
-15.784 501.012
-15.658 501.382
-15.530 501.751
-15.401 502.120
-15.272 502.488
-15.139 502.855
-15.005 503.222
-14.870 503.587
-14.733 503.953
-14.596 504.317
-14.456 504.681
-14.314 505.044
-14.171 505.407
-14.027 505.768
-13.882 506.129
-13.734 506.490
-13.585 506.849
-13.435 507.208
-13.283 507.566
-13.130 507.923
-12.975 508.280
-12.818 508.636
-12.660 508.991
-12.500 509.345
-12.340 509.698
-12.177 510.051
-12.013 510.403
-11.847 510.754
-11.680 511.104
-11.513 511.453
-11.342 511.802
-11.171 512.149
-10.997 512.496
-10.823 512.842
-10.647 513.187
-10.470 513.532
-10.290 513.875
-10.110 514.217
-9.928 514.559
-9.745 514.899
-9.560 515.239
-9.374 515.578
-9.186 515.916
-8.996 516.252
-8.807 516.588
-8.615 516.923
-8.421 517.257
-8.226 517.590
-8.030 517.922
-7.833 518.253
-7.634 518.582
-7.433 518.911
-7.231 519.239
-7.028 519.565
-6.825 519.891
-6.619 520.215
-6.412 520.539
-6.205 520.861
-5.997 521.182
-5.790 521.502
-5.580 521.821
-5.370 522.138
-5.160 522.455
-4.948 522.770
-4.738 523.084
-4.525 523.397
-4.311 523.709
-4.098 524.019
-3.883 524.328
-3.669 524.636
-3.453 524.943
-3.235 525.248
-3.018 525.553
-2.800 525.856
-2.582 526.157
-2.363 526.458
-2.142 526.756
-1.921 527.054
-1.699 527.350
-1.477 527.645
-1.253 527.939
-1.030 528.231
-0.805 528.522
-0.579 528.812
-0.354 529.100
-0.127 529.386
0.100 529.671
0.329 529.955
0.558 530.238
0.788 530.518
1.019 530.798
1.250 531.076
1.483 531.352
1.716 531.627
1.949 531.900
2.183 532.172
2.419 532.443
2.696 532.711
2.973 532.979
3.251 533.244
3.530 533.508
3.810 533.771
4.090 534.032
4.371 534.291
4.653 534.549
4.936 534.805
5.220 535.059
5.504 535.312
5.790 535.563
6.076 535.813
6.364 536.060
6.651 536.306
6.941 536.551
7.230 536.794
7.521 537.035
7.812 537.274
8.104 537.512
8.397 537.748
8.692 537.982
8.987 538.215
9.283 538.446
9.580 538.676
9.878 538.904
10.177 539.130
10.475 539.355
10.776 539.578
11.078 539.799
11.380 540.019
11.683 540.237
11.987 540.454
12.293 540.669
12.599 540.883
12.905 541.095
13.213 541.305
13.522 541.514
13.832 541.721
14.143 541.927
14.454 542.131
14.767 542.334
15.080 542.535
15.395 542.735
15.711 542.933
16.027 543.130
16.345 543.325
16.662 543.518
16.982 543.711
17.303 543.901
17.623 544.090
17.945 544.278
18.268 544.464
18.592 544.649
18.918 544.832
19.244 545.014
19.570 545.194
19.898 545.373
20.227 545.551
20.557 545.727
20.888 545.902
21.219 546.075
21.552 546.247
21.885 546.417
22.220 546.586
22.555 546.754
22.892 546.920
23.229 547.085
23.568 547.248
23.907 547.410
24.247 547.571
24.588 547.730
24.930 547.888
25.273 548.044
25.617 548.200
25.962 548.354
26.308 548.506
26.654 548.657
27.002 548.807
27.351 548.956
27.700 549.103
28.050 549.249
28.402 549.394
28.754 549.537
29.107 549.679
29.462 549.820
29.816 549.959
30.172 550.097
30.529 550.234
30.887 550.370
31.245 550.504
31.605 550.637
31.965 550.769
32.326 550.900
32.689 551.029
33.052 551.157
33.416 551.284
33.780 551.410
34.145 551.535
34.512 551.658
34.879 551.780
35.248 551.901
35.617 552.020
35.987 552.139
36.358 552.256
36.729 552.372
37.102 552.487
37.475 552.601
37.849 552.714
38.224 552.825
38.601 552.935
38.978 553.045
39.355 553.153
39.733 553.260
40.113 553.365
40.493 553.470
40.874 553.573
41.255 553.676
41.637 553.777
42.021 553.877
42.404 553.977
42.789 554.075
43.175 554.172
43.562 554.267
43.950 554.362
44.337 554.456
44.725 554.549
45.115 554.640
45.506 554.731
45.897 554.820
46.289 554.909
46.681 554.996
47.074 555.083
47.469 555.168
47.863 555.252
48.259 555.336
48.656 555.418
49.053 555.499
49.451 555.580
49.849 555.659
50.249 555.738
50.648 555.815
51.049 555.891
51.451 555.967
51.853 556.041
52.256 556.115
52.660 556.187
53.064 556.259
53.469 556.330
53.874 556.400
54.281 556.468
54.688 556.536
55.095 556.603
55.503 556.669
55.912 556.735
56.323 556.799
56.733 556.862
57.144 556.925
57.556 556.986
57.968 557.047
58.382 557.107
58.794 557.166
59.210 557.224
59.625 557.282
60.040 557.338
60.456 557.394
60.873 557.448
61.290 557.502
61.708 557.555
62.127 557.608
62.546 557.659
62.966 557.710
63.387 557.759
63.808 557.808
64.230 557.857
64.652 557.904
65.075 557.951
65.498 557.997
65.922 558.042
66.347 558.086
66.773 558.130
67.198 558.172
67.625 558.215
68.051 558.256
68.479 558.296
68.906 558.336
69.336 558.375
69.764 558.414
70.194 558.451
70.624 558.488
71.055 558.525
71.486 558.560
71.918 558.595
72.350 558.629
72.783 558.663
73.216 558.696
73.650 558.728
74.085 558.759
74.520 558.790
74.955 558.820
75.391 558.850
75.827 558.879
76.264 558.907
76.701 558.934
77.139 558.961
77.578 558.988
78.016 559.013
78.456 559.038
78.895 559.063
79.335 559.087
79.776 559.110
80.217 559.133
80.659 559.155
81.101 559.176
81.544 559.197
81.986 559.218
82.430 559.238
82.874 559.257
83.318 559.276
83.762 559.294
84.208 559.311
84.652 559.329
85.099 559.345
85.545 559.361
85.992 559.377
86.439 559.392
86.887 559.406
87.334 559.420
87.782 559.434
88.231 559.447
88.680 559.459
89.130 559.471
89.580 559.483
90.030 559.494
90.480 559.505
90.932 559.515
91.383 559.525
91.835 559.534
92.287 559.543
92.739 559.551
93.192 559.559
93.645 559.567
94.098 559.574
94.552 559.581
95.007 559.587
95.461 559.593
95.915 559.599
96.371 559.604
96.826 559.609
97.282 559.613
97.738 559.617
98.195 559.621
98.651 559.624
99.108 559.627
99.566 559.629
100.024 559.632
100.481 559.634
100.939 559.635
101.398 559.636
101.857 559.637
102.316 559.638
102.775 559.638
103.235 559.638
103.695 559.638
104.155 559.637
104.615 559.636
105.076 559.635
105.536 559.633
105.998 559.632
106.460 559.630
106.921 559.627
107.383 559.625
107.845 559.622
108.307 559.619
108.770 559.616
109.233 559.612
109.696 559.608
110.159 559.604
110.622 559.600
111.087 559.596
111.550 559.591
112.014 559.586
112.478 559.581
112.943 559.576
113.408 559.571
113.872 559.565
114.338 559.559
114.803 559.554
115.268 559.547
115.734 559.541
116.200 559.535
116.666 559.528
117.132 559.522
117.598 559.515
118.065 559.508
118.531 559.501
118.997 559.494
119.464 559.486
119.932 559.479
120.399 559.471
120.866 559.464
121.334 559.456
121.802 559.448
122.269 559.441
122.736 559.433
123.204 559.425
123.672 559.417
124.141 559.408
124.609 559.400
125.077 559.392
125.546 559.384
126.014 559.376
126.483 559.367
126.952 559.359
127.421 559.351
127.890 559.342
128.359 559.334
128.828 559.325
129.297 559.317
129.766 559.309
130.236 559.300
130.705 559.292
131.174 559.284
131.644 559.275
132.113 559.267
132.583 559.259
133.052 559.251
133.521 559.243
133.991 559.235
134.461 559.227
134.931 559.219
135.401 559.211
135.870 559.203
136.340 559.196
136.810 559.188
137.280 559.180
137.749 559.173
138.219 559.166
138.689 559.159
139.159 559.152
139.629 559.145
140.099 559.138
140.568 559.131
141.038 559.125
141.508 559.119
141.978 559.112
142.447 559.106
142.917 559.100
143.387 559.095
143.856 559.089
144.326 559.084
144.795 559.079
145.265 559.074
145.735 559.069
146.204 559.064
146.673 559.060
147.142 559.056
147.612 559.052
148.080 559.048
148.549 559.045
149.019 559.042
149.487 559.039
149.955 559.036
150.425 559.034
150.893 559.031
151.361 559.029
151.830 559.028
152.299 559.026
152.767 559.025
153.235 559.024
153.702 559.024
154.170 559.023
154.638 559.024
155.106 559.024
155.573 559.025
156.040 559.026
156.507 559.027
156.974 559.029
157.441 559.031
157.908 559.033
158.374 559.036
158.841 559.039
159.307 559.042
159.773 559.046
160.239 559.050
160.705 559.054
161.171 559.059
161.636 559.064
162.101 559.070
162.567 559.076
163.031 559.083
163.496 559.089
163.960 559.097
164.424 559.104
164.888 559.113
165.353 559.121
165.816 559.130
166.279 559.140
166.743 559.149
167.206 559.160
167.669 559.171
168.131 559.182
168.594 559.194
169.056 559.206
169.517 559.218
169.980 559.232
170.441 559.245
170.902 559.259
171.363 559.274
171.823 559.289
172.284 559.305
172.744 559.321
173.203 559.338
173.663 559.355
174.122 559.373
174.581 559.391
175.040 559.410
175.499 559.430
175.957 559.450
176.415 559.470
176.873 559.491
177.330 559.513
177.787 559.535
178.244 559.558
178.700 559.582
179.157 559.606
179.612 559.630
180.068 559.656
180.523 559.681
180.978 559.708
181.432 559.735
181.886 559.763
182.340 559.791
182.793 559.820
183.247 559.850
183.699 559.880
184.152 559.911
184.604 559.943
185.055 559.975
185.507 560.008
185.958 560.042
186.409 560.076
186.859 560.111
187.309 560.147
187.759 560.184
188.207 560.221
188.656 560.259
189.105 560.297
189.553 560.336
190.001 560.377
190.447 560.417
190.895 560.459
191.341 560.501
191.787 560.544
192.232 560.588
192.678 560.633
193.122 560.678
193.567 560.724
194.011 560.771
194.454 560.818
194.897 560.867
195.341 560.916
195.782 560.966
196.224 561.017
196.666 561.069
197.107 561.121
197.547 561.175
197.987 561.229
198.426 561.284
198.866 561.340
199.305 561.396
199.742 561.454
200.180 561.512
200.617 561.571
201.054 561.632
201.490 561.692
201.927 561.754
202.362 561.817
202.797 561.881
203.231 561.945
203.665 562.011
204.098 562.077
204.530 562.144
204.963 562.213
205.395 562.282
205.826 562.352
206.258 562.423
206.688 562.495
207.117 562.567
207.547 562.641
207.976 562.716
208.404 562.792
208.832 562.869
209.259 562.946
209.686 563.025
210.112 563.105
210.538 563.185
210.963 563.267
211.388 563.349
211.812 563.433
212.235 563.518
212.659 563.603
213.081 563.690
213.503 563.778
213.924 563.867
214.345 563.956
214.765 564.047
215.184 564.139
215.603 564.232
216.022 564.326
216.440 564.421
216.858 564.517
217.274 564.615
217.690 564.713
218.106 564.812
218.521 564.913
218.935 565.015
219.349 565.117
219.763 565.221
220.176 565.326
220.588 565.432
221.000 565.539
221.411 565.648
221.821 565.757
222.231 565.868
222.640 565.980
223.048 566.093
223.457 566.207
223.864 566.322
224.270 566.439
224.677 566.556
225.083 566.675
225.487 566.795
225.893 566.916
226.296 567.039
226.699 567.162
227.102 567.287
227.504 567.413
227.905 567.540
228.306 567.669
228.706 567.799
229.106 567.930
229.505 568.062
229.903 568.195
230.301 568.330
230.699 568.466
231.095 568.603
231.490 568.742
231.886 568.882
232.281 569.023
232.675 569.165
233.068 569.309
233.461 569.454
233.853 569.600
234.244 569.748
234.636 569.897
235.026 570.047
235.416 570.199
235.805 570.352
236.194 570.506
236.582 570.661
236.969 570.818
237.356 570.977
237.742 571.136
238.127 571.297
238.512 571.460
238.896 571.624
239.280 571.789
239.663 571.955
240.045 572.123
240.427 572.293
240.808 572.464
241.189 572.636
241.569 572.809
241.949 572.984
242.327 573.161
242.705 573.339
243.083 573.518
243.461 573.699
243.837 573.881
244.212 574.065
244.588 574.250
244.963 574.437
245.337 574.625
245.710 574.814
246.083 575.005
246.456 575.198
246.828 575.392
247.199 575.588
247.570 575.785
247.940 575.983
248.310 576.183
248.679 576.385
249.048 576.588
249.415 576.793
249.783 576.999
250.150 577.207
250.516 577.416
250.882 577.627
251.247 577.839
251.612 578.053
251.976 578.269
252.340 578.486
252.703 578.705
253.066 578.925
253.428 579.147
253.790 579.371
254.151 579.596
254.512 579.823
254.872 580.051
255.232 580.281
255.590 580.513
255.950 580.746
256.308 580.981
256.666 581.217
257.023 581.455
257.380 581.695
257.737 581.937
258.092 582.180
258.448 582.425
258.803 582.671
259.159 582.920
259.512 583.170
259.867 583.421
260.219 583.674
260.572 583.929
260.925 584.186
261.278 584.445
261.629 584.705
261.981 584.967
262.332 585.230
262.682 585.496
263.033 585.763
263.382 586.032
263.733 586.302
264.081 586.575
264.430 586.849
264.778 587.125
265.127 587.402
265.474 587.682
265.822 587.963
266.170 588.246
266.516 588.531
266.862 588.818
267.209 589.106
267.555 589.397
267.899 589.689
268.245 589.983
268.590 590.279
268.934 590.576
269.278 590.876
269.623 591.177
269.966 591.480
270.309 591.785
270.653 592.092
270.995 592.401
271.338 592.712
271.681 593.024
272.023 593.339
272.364 593.655
272.705 593.973
273.047 594.293
273.387 594.615
273.728 594.939
274.069 595.265
274.409 595.593
274.749 595.923
275.088 596.255
275.428 596.588
275.767 596.924
276.105 597.262
276.444 597.601
276.782 597.943
277.121 598.286
277.458 598.631
277.796 598.979
278.132 599.328
278.470 599.680
278.807 600.033
279.142 600.389
279.479 600.746
279.814 601.105
280.150 601.467
280.485 601.830
280.819 602.196
281.154 602.563
281.488 602.933
281.822 603.305
282.155 603.678
282.488 604.054
282.820 604.432
283.153 604.812
283.485 605.194
283.816 605.578
284.147 605.964
284.478 606.353
284.808 606.743
285.138 607.135
285.467 607.530
285.796 607.927
286.124 608.326
286.451 608.727
286.779 609.130
287.105 609.535
287.431 609.942
287.756 610.352
288.081 610.764
288.406 611.177
288.728 611.593
289.052 612.012
289.373 612.432
289.695 612.855
290.015 613.279
290.335 613.706
290.654 614.135
290.972 614.567
291.289 615.000
291.606 615.436
291.921 615.874
292.235 616.314
292.548 616.757
292.861 617.201
293.173 617.648
293.483 618.098
293.792 618.549
294.099 619.003
294.407 619.459
294.713 619.917
295.016 620.377
295.319 620.840
295.621 621.305
295.921 621.773
296.220 622.242
296.518 622.714
296.813 623.189
297.107 623.665
297.400 624.144
297.691 624.626
297.980 625.109
298.268 625.595
298.553 626.083
298.838 626.574
299.120 627.067
299.401 627.563
299.679 628.060
299.955 628.560
300.230 629.063
300.502 629.568
300.772 630.075
301.040 630.585
301.305 631.097
301.569 631.611
301.830 632.128
302.088 632.647
302.345 633.169
302.598 633.693
302.849 634.220
303.098 634.749
303.344 635.280
303.587 635.814
303.828 636.350
304.066 636.889
304.301 637.431
304.533 637.974
304.763 638.521
304.989 639.069
305.212 639.621
305.433 640.174
305.650 640.730
305.865 641.289
306.075 641.850
306.283 642.414
306.488 642.980
306.689 643.549
306.888 644.120
307.082 644.694
307.274 645.271
307.464 645.850
307.652 646.431
307.840 647.015
308.026 647.602
308.211 648.191
308.395 648.783
308.577 649.377
308.758 649.974
308.938 650.574
309.116 651.176
309.293 651.781
309.469 652.388
309.643 652.998
309.816 653.611
309.988 654.226
310.159 654.844
310.328 655.464
310.496 656.088
310.662 656.713
310.827 657.342
310.991 657.973
311.154 658.607
311.315 659.243
